4614	1441
44804	1699
1034	1441
3146	1755
950	1233
2595	1803
4648	1509
45802	1117
4064	1803
4628	435
1676	843
258	1889
3115	1457
2814	465
45832	1803
1554	743
4679	1289
984	1505
364	1615
45697	775
44650	443
5421	1169
1556	1909
2930	1537
44870	1413
306	1261
5505	1101
3526	1911
1562	841
3280	1803
45764	1101
44674	337
4061	1097
3872	1711
2585	1637
2599	1145
44724	801
1924	507
2492	649
5405	435
3374	1333
45735	1439
3275	1489
45724	1803
2901	965
2927	419
3395	1077
3140	801
5501	1077
2297	1839
44704	1889
1746	1375
752	757
1506	133
45791	1803
45827	1803
44783	1891
45837	1077
44689	629
4662	435
3129	1509
1972	1081
44843	1101
2212	1885
1906	801
2340	1135
44820	1711
2168	1119
2698	1679
5467	1239
2601	435
44779	1289
726	1511
2114	1709
3266	1545
4340	1711
45740	1239
4633	1413
3521	1509
2609	1319
3533	419
3890	1865
4617	1865
3274	1333
3024	841
1754	435
44739	1077
3509	419
1684	1803
3853	1755
1908	1145
728	1377
2070	1081
4102	1803
5460	435
44766	1589
3419	1231
288	635
5503	1803
44691	629
45804	1101
3142	1045
2342	801
3111	337
4618	1803
3694	1319
516	1803
2793	1693
45787	1145
1600	1145
45758	1509
4103	1711
2706	631
5425	897
2400	399
5445	801
3409	1803
44845	1891
3386	517
4081	1803
1150	1517
1764	1101
794	1369
2359	1689
3250	1375
44751	1905
2214	339
3030	1505
4113	1803
44693	841
1188	351
1971	1255
1002	603
4624	33
2794	291
3017	1509
4342	1869
44777	1077
2579	1589
4110	1225
4092	1509
45762	1905
2918	837
3114	435
1979	825
44744	1905
1702	1803
658	1447
426	1889
3715	1711
2344	1441
3702	1803
45810	1905
2845	1333
2592	1239
44686	1101
1694	1711
3405	1103
44893	1891
4121	419
5477	1333
45744	801
4670	1239
3840	1317
44631	1865
2072	1889
2816	1101
45723	1803
44883	1803
4666	1711
2270	1697
45680	1803
5419	435
45667	1803
3679	1889
2922	1891
2215	1803
44729	1839
3013	1803
44858	1205
4626	1793
804	1891
45733	877
5535	1803
760	575
2061	1899
4357	1803
4359	1589
5512	507
45836	1803
860	1589
4309	1281
2695	1637
3869	1101
3871	1905
45798	1079
45736	1803
44892	957
3399	801
2173	745
44741	1101
656	1081
3037	1135
1674	1641
44839	1891
2403	1869
45693	843
45825	1505
2720	1099
1852	983
504	1543
45719	1809
4090	1121
44624	1803
3007	707
2512	1373
3695	1811
1496	1255
1064	537
44791	1505
3415	1233
4066	841
44832	1803
2717	1803
2109	1811
2177	1509
3855	1711
2349	1121
2912	439
44753	1239
416	1779
5463	1803
44722	187
45803	1333
706	1495
3678	1819
476	1917
2715	1911
2693	419
4056	1865
3133	1911
3255	1779
44844	1529
44875	627
200	679
44640	1413
1762	1545
5472	1505
45749	793
3281	1911
44827	1041
44645	801
4085	1905
44713	1239
44723	1441
3113	965
3863	1803
722	1223
4616	1891
398	1509
3686	1545
2577	1263
3135	1223
5417	1803
2823	1693
4053	1637
2829	1319
45835	1803
3705	525
1606	667
1414	1589
1910	1839
4649	629
3534	1017
4629	1905
5530	1101
44770	1369
4675	1711
44635	1891
2296	1145
45782	1811
5491	1905
216	1333
4325	1859
2353	793
44906	419
5490	629
1984	939
44900	1077
4659	1101
4673	567
2282	1903
44757	1803
3673	1803
4114	1891
44769	1413
2216	1889
2705	1145
3527	1919
44617	707
44606	1077
45824	1317
3891	1667
44907	1803
3883	1315
1704	1505
920	1811
3684	629
2507	585
2407	489
2207	489
2486	1193
1914	591
44864	1233
4319	965
3032	1101
3413	801
2817	1119
45781	1803
3016	1711
44735	965
1850	1891
44725	1239
2682	1117
45784	1861
44684	801
1068	1101
3859	1517
45812	1017
2402	479
3117	1189
45815	761
1332	1517
5471	1803
592	739
944	1621
4346	1505
45727	1803
44680	165
3123	495
4647	801
44792	1333
2351	795
44849	1041
4621	1239
2274	1491
3895	1121
2920	1859
45761	1803
2225	801
2490	1741
2837	1711
4644	1413
45705	1365
3699	489
44669	1803
462	1377
45725	1041
2843	1101
2598	1533
45720	799
1278	1315
1148	1645
3019	1101
2115	877
3153	1509
45683	1859
2217	1237
3270	1213
1198	863
2365	435
3033	1711
5442	1073
2906	801
2068	1801
44731	1803
44682	1239
44837	1803
2501	1637
3289	465
3254	1509
2345	1689
44758	1441
44897	1803
44620	1101
2285	1641
4112	435
5519	1865
4358	985
1182	1147
5531	1911
3885	1803
2205	1811
2591	1505
44641	1871
45750	1145
2418	1421
44819	1889
2164	1917
3258	1509
1854	1505
4082	1101
2995	1509
2910	1803
44698	1289
2622	1765
482	1393
1184	757
44661	1711
44772	801
1820	1309
2112	507
2426	1163
3674	1589
998	939
45678	1413
44881	1803
1448	1369
44816	1077
1326	1493
2065	1369
5528	1803
2834	1729
4630	629
5523	435
4341	1517
5433	825
5411	1859
45691	1803
44626	1239
5543	1333
44718	435
4683	1803
2924	1459
2806	341
3008	801
3511	435
44639	1803
44634	1803
3392	841
5476	1233
2489	1421
4067	1919
64	1037
3384	1589
3403	873
2360	1333
44623	1101
44625	1905
4334	1225
44857	1505
2014	627
1504	1881
4091	1869
44705	801
2684	1803
44774	1403
3873	801
2480	1101
45801	1073
2836	1145
5513	1475
1975	999
256	609
45687	1101
1446	1891
5540	1517
4651	1255
3382	1697
44668	841
45698	657
2278	507
976	1045
2419	1803
3516	1811
4332	1803
44778	1239
2500	1143
44629	1865
2358	1145
1756	507
45809	1711
1036	1891
44644	1495
2515	1911
45774	1119
4084	61
2846	1847
44799	1803
45834	1803
3704	1017
1985	1811
538	795
830	327
2687	657
3141	1693
45728	1077
3372	1905
1912	745
3854	1905
4071	1719
5432	1239
45783	1145
44755	1143
3376	877
45713	1209
1190	397
2020	1315
780	743
3396	841
1967	1041
4075	1045
4608	435
44647	165
44899	1233
2496	1101
45811	1803
3525	1365
3014	1697
1977	1839
44619	1905
3530	715
5439	199
5408	1865
3038	1509
3866	1811
5426	707
3680	985
1012	1889
2926	1803
4078	707
2914	1097
45716	1811
2803	1905
4609	1101
45692	1803
4360	1505
3285	1333
2170	1235
2361	1911
44648	1865
1612	567
44866	1793
3524	1869
44697	1803
2290	1333
44908	1891
5497	1889
214	1535
1196	1097
44829	1803
1608	1231
4665	1017
1186	1509
44642	1793
2499	1859
44876	1751
3870	1509
2275	1529
3029	1509
45714	1289
44889	1077
44818	1413
45805	1101
44795	1751
5429	1803
1926	825
1280	1509
3284	1315
44894	1145
44882	1077
2818	1891
2702	1891
45760	1135
2716	1509
44734	1535
44730	1803
764	1751
3414	1011
4656	1281
2066	1289
2279	435
4054	1865
45770	1439
3387	1509
4320	1101
3137	1315
634	465
44747	1803
1982	1195
3394	465
570	971
2280	1097
3408	999
3400	1909
3514	1803
2218	905
44813	1101
44796	1803
662	1201
45766	1865
44790	629
4646	1101
44767	1333
1272	1221
2998	1869
724	1421
2619	1803
4106	1101
4101	1239
45712	1135
44859	1017
3539	1449
1142	337
5539	567
50	1037
5415	1521
2704	1041
948	739
758	1071
4658	1905
444	1315
502	1231
1040	1315
45671	1239
1918	1791
5414	435
2919	1505
5495	1493
5483	1803
2210	1231
1822	435
1602	507
32	1037
5409	1441
3407	419
2175	1637
2013	1509
5438	629
2597	1729
44830	1803
3276	1505
45776	1077
3411	1719
44736	337
1916	1279
44706	801
2364	1145
5507	1077
5450	1145
3136	525
4623	1803
856	1505
5464	435
44614	1333
44828	1101
2495	1491
5440	435
2802	1803
45704	1225
2689	667
1108	833
1842	1911
44618	1439
3011	1121
4653	1233
2685	785
3147	435
45754	1505
5516	1101
44679	1803
2172	1865
1262	1317
3283	1489
1032	1073
3012	1653
1452	627
4668	1509
45759	841
3714	1333
44683	1865
3844	1809
2797	1175
2483	1333
44814	799
3874	1529
2208	1041
45778	939
44764	1233
2931	1889
3416	1017
1564	1011
3529	1509
44728	1645
45752	1859
3851	775
1838	707
2904	489
2586	1891
45666	1865
1510	611
44765	1891
1678	435
2718	1517
2679	1023
1324	377
3510	1535
3022	1075
2118	1771
45710	1803
1758	1699
3000	1121
45731	1803
45675	629
3852	1517
44761	1403
5456	1693
1042	1875
3126	1711
4327	1413
44749	1803
3025	1865
630	841
3027	489
762	1591
2996	1489
1968	1697
3421	939
44823	1077
44842	1711
5461	1233
1144	1723
5488	1169
3005	337
5466	1403
45767	1509
3028	1803
832	443
3158	435
1840	1189
44649	1793
3708	1279
44802	1489
2819	707
3535	1709
880	1231
2831	1779
5486	1333
2581	1233
3667	435
3703	1441
45821	1505
5538	1901
44895	1509
2362	1477
44709	1865
74	1089
3031	825
3892	1637
1226	1721
44909	1803
2017	489
4611	435
4093	435
45818	793
3692	1233
44885	1803
4118	1889
45674	1803
