1566	1251
2656	791
2190	1047
856	835
144	1461
26	377
372	1715
3765	1593
972	1807
2534	1365
2298	109
3206	965
536	1285
24075	819
1680	1439
2793	601
1943	705
346	1845
2400	1313
1944	1275
24119	885
2520	347
23319	1869
2172	317
2955	1555
594	1853
1150	1407
1072	1567
1686	719
3181	751
860	1021
1935	507
2092	1217
1484	885
816	1009
2300	725
3706	933
2286	951
2284	69
1228	1045
1828	593
3197	333
148	1673
858	31
3715	1533
23375	199
2644	585
596	255
2973	1025
3200	1021
1474	1105
3730	927
2803	965
704	353
3725	237
1696	937
1710	1811
23409	1819
2015	599
3731	1515
2297	341
24118	1401
434	1555
2108	1791
680	289
3720	933
350	1045
23413	1633
23388	1659
3201	1811
1140	535
23350	1295
3713	1593
2274	43
23323	1601
24104	1129
2643	1333
1688	705
2285	545
406	255
23385	429
2966	249
1868	9
24098	281
1826	849
3766	585
944	1137
3705	1661
3203	1249
1316	817
23328	1379
1472	1211
3205	741
1080	353
24148	849
2017	1715
2186	1827
2291	697
23333	1593
1854	1803
240	11
23384	885
1572	1103
176	289
23431	641
386	117
682	249
2408	1333
2657	981
412	345
1844	299
23340	885
1874	1473
2530	1827
1308	507
24077	1633
2292	641
24074	751
1586	1689
23402	99
712	99
2968	957
2969	1075
124	401
3745	585
1310	231
2645	1025
2796	165
2521	1431
2652	933
734	607
2022	873
1088	231
2513	1633
1092	377
2802	1365
23357	751
370	1251
2804	1443
2401	681
23330	885
218	1347
676	951
1949	851
2407	1493
23364	615
1864	1393
24160	933
2009	551
1704	403
2961	1021
740	535
2510	897
3729	705
2515	1285
1318	535
23425	249
1824	1737
1298	1327
968	1743
1090	263
2525	507
1312	1239
2013	933
23354	249
23411	545
2956	1595
1458	1629
782	181
24094	249
3739	947
3210	1365
1580	1009
3764	657
320	117
460	1389
24105	1295
1294	897
518	1631
1314	1207
24084	1593
1020	237
1940	287
2806	889
23317	927
1880	1615
1708	1559
466	923
2399	871
1290	483
448	383
23412	1401
2098	1605
2179	1465
2272	165
2026	1063
24147	751
714	1835
2665	129
24108	1439
2964	585
23311	1661
3194	1365
2005	177
23324	1593
1938	1663
23427	1031
1296	9
1300	1611
23405	1327
1818	623
1152	1705
1380	429
2409	1719
1462	1079
23377	1001
2777	115
2181	355
2664	1803
1232	1477
23334	885
23365	1473
2965	1305
1700	443
24078	819
24129	1659
24146	243
2960	1443
23415	181
1947	1143
23310	1601
716	115
24081	1001
23414	1673
24083	1567
222	443
414	209
3710	697
24096	849
1884	955
262	1791
3758	885
2185	317
3704	285
2171	1751
2107	1839
2800	1869
24092	585
940	1737
23416	165
23382	1593
112	747
24115	1135
2957	1031
24137	1705
23358	657
1386	7
2095	847
2299	1045
23419	249
28	909
902	1285
2512	1103
3708	245
1562	523
3711	141
3747	585
3190	1765
3208	885
1236	1389
1454	767
3214	117
3767	243
1384	1103
736	1305
2282	1327
24158	1757
3756	981
3191	751
23393	805
1698	1531
3182	1869
1224	775
364	601
3179	441
1945	1001
1856	997
1848	1335
966	1337
216	963
23429	563
24122	885
3712	843
23423	957
3212	377
2970	1335
620	1181
3216	211
3726	705
1822	1689
282	719
24079	245
23338	585
1941	579
334	1045
964	1005
1674	1139
3195	11
24131	1593
23391	1601
23394	933
622	101
1598	377
24109	1633
830	1753
116	1403
24099	249
2104	1009
314	343
2649	1791
2106	285
1570	391
1564	1605
23327	1855
3763	317
23421	885
23372	1791
1876	1275
3722	1641
260	1105
2184	1659
2972	647
24151	1259
2290	1251
2397	15
3215	1139
304	311
1678	897
1712	849
2782	775
24116	1091
2289	633
2660	1413
744	509
24071	739
1146	635
1582	1715
2967	1755
23342	1091
2798	651
92	1229
404	1259
16	609
23404	1605
648	69
2406	1227
1946	181
1951	1403
384	1819
974	1327
24106	243
280	353
23335	1473
23390	1515
418	1605
1866	927
532	727
1948	5
10	1611
2958	1001
1574	443
852	607
24149	329
2518	39
23406	1091
