23660	235
1466	155
116	731
22858	557
22933	183
3251	857
622	157
2501	125
1626	657
22842	857
1320	673
22936	939
384	447
23615	797
858	501
2043	757
22942	879
434	133
22924	235
956	657
620	777
1469	835
1803	401
144	323
1548	425
1162	287
22859	835
22908	857
1326	425
2489	517
22896	425
22947	775
1831	483
1411	401
1415	909
3296	909
2335	241
2731	823
22921	401
22922	529
2188	195
22855	157
1383	235
23678	869
1928	241
1379	187
1546	303
1544	795
3235	401
856	799
22950	157
2486	311
406	31
1119	693
1084	331
2051	857
22888	793
1006	657
2488	117
3239	835
954	795
1717	435
23649	793
2183	767
3297	235
1715	507
682	879
23614	835
736	757
22952	919
1197	331
1940	157
852	681
953	835
23625	155
1403	643
3276	793
2313	195
372	205
648	357
1939	585
1721	657
1124	465
370	859
1710	231
23605	117
16	875
830	169
418	425
2747	585
1829	669
712	939
1160	117
980	311
2333	157
460	601
942	533
22962	643
23635	157
1309	693
1479	645
218	501
536	611
1932	199
1126	681
23608	67
23689	793
23691	117
23609	857
23653	739
1040	475
1384	775
1253	799
23679	425
22915	157
320	809
1702	155
1477	689
1392	169
1313	401
1261	871
2728	339
1394	723
1472	525
2175	67
2176	741
3236	425
3242	235
1199	235
260	505
2712	529
26	875
23682	157
1125	113
2734	797
1381	413
1307	331
2713	857
1118	235
2195	639
1817	939
2056	505
1478	393
1128	797
1937	169
22943	857
1324	447
1931	729
22919	401
2061	871
22937	857
466	115
222	911
1822	473
1212	713
23668	869
1310	777
2732	289
1325	157
676	441
1046	199
1635	647
1252	165
860	241
1397	795
782	507
940	723
1474	321
3253	235
714	523
124	463
1382	523
2495	741
23647	235
23677	835
2741	383
2746	155
2725	117
1206	305
23650	585
23629	117
2722	183
1930	835
952	117
2337	447
1816	465
2331	799
2046	871
1553	291
350	465
1813	939
1207	423
734	841
2743	939
22946	475
304	707
3270	857
1129	411
314	523
2721	155
1821	793
112	473
2174	835
22885	857
1256	297
3241	425
1314	931
22940	183
1830	279
3237	739
2499	163
2745	939
262	745
957	435
334	711
22916	793
280	335
22869	835
22881	215
2500	235
364	351
1016	857
3260	291
22956	441
594	723
22889	157
1557	339
680	117
2065	447
3287	795
2049	807
23612	547
1086	831
1639	647
1480	57
1820	235
2504	351
3244	157
22913	705
2324	441
740	585
1398	679
518	529
10	635
1043	425
2497	425
704	809
2327	647
22850	157
22944	939
28	875
1251	827
1322	775
2196	775
2329	157
23680	551
23637	425
22935	835
22925	157
1815	835
2491	117
282	659
1120	157
3262	291
744	927
1260	793
1823	647
1318	537
816	339
1402	3
22848	835
3289	241
2498	663
1629	585
2044	771
1623	195
2736	835
1637	155
1263	647
3257	793
23646	705
1404	423
216	657
1638	857
1269	169
2052	173
1255	529
23640	235
2503	425
1475	935
448	325
22873	529
1938	823
414	835
3278	813
22841	563
902	183
2487	235
23630	653
23639	425
22960	793
22864	857
346	903
22958	425
22861	793
22906	331
3295	931
23627	705
1703	435
2726	339
22895	835
1407	841
22865	835
2334	237
1045	471
716	339
92	527
412	321
2187	773
1115	771
23602	525
596	129
2496	585
1163	767
1201	657
240	795
23606	183
1482	643
22854	235
1319	659
1408	401
23610	117
22871	525
2492	187
1127	797
1014	315
3246	543
2308	235
2739	471
2180	155
2737	693
23636	117
22945	117
1257	545
2710	525
148	811
22954	425
1082	775
23623	835
1536	877
2041	117
176	745
532	551
22903	939
3256	729
22866	835
3294	339
3243	857
1476	117
1088	155
404	569
1471	157
1805	305
1010	793
3298	835
386	813
3261	123
2191	447
1015	413
1828	215
1540	471
1716	125
1117	319
23662	857
1712	543
