45807	773
1608	67
3244	2003
45597	901
2032	1005
1556	843
3064	267
6500	801
6426	1727
46773	2375
4336	2553
46685	1025
398	3199
4378	3269
45612	1039
6394	3765
4833	903
5591	2151
4367	1141
6373	103
6377	1925
4492	1379
2024	3181
45701	2167
1042	3549
1068	1991
5609	3821
6448	3765
45838	2433
1910	597
4657	2975
45781	103
2510	3831
5054	3763
45576	3131
948	3369
1702	3759
1332	3527
45698	3231
5053	403
46629	391
4646	3055
5016	2375
2880	3807
4664	939
4847	2055
1678	557
1746	31
46675	571
46653	2375
2016	3757
1448	2361
2802	2787
5065	281
6459	2317
3736	3279
45731	2609
5046	2479
5063	2935
3438	2741
6381	3207
45659	2205
3746	3787
1186	1257
1602	857
5570	2003
45706	3413
2796	2305
46640	2861
5645	2339
760	2221
1196	3027
1554	815
3258	63
1924	3833
1674	3257
45580	1905
1182	2199
2304	2443
1684	2763
3979	1761
46798	317
1606	2245
6428	3765
5303	3313
45697	3267
46686	3089
6490	2181
45828	2679
46706	1053
920	171
4120	2123
45601	1259
46745	1263
4346	2279
1108	257
5043	1973
4640	3097
3984	2763
46760	391
1912	3321
6387	3845
306	2537
46736	2591
46697	2405
3268	143
5322	1017
3975	1289
4654	2591
45847	1525
45680	2205
46695	2271
426	1013
5576	3601
3732	993
5052	1881
45792	3763
3962	2213
45740	571
2038	1881
46765	849
3246	1843
3052	2935
45641	227
2102	1051
830	3635
1820	3737
3989	2719
46672	465
45591	27
2502	2487
1262	2597
2792	2277
4334	1377
45603	3813
45857	2707
6371	1235
2910	791
45685	1273
46702	847
45606	391
46654	575
45631	3181
764	17
2206	1005
45623	2271
6404	733
5613	733
4802	1069
3066	323
45845	2317
45720	477
1754	339
5064	2393
45579	2279
4098	3
46787	2969
3040	3237
3318	773
2632	3279
4667	995
1612	3437
45585	101
2410	2625
516	1919
2218	423
4825	2615
2504	2453
1144	3757
2042	1477
1840	3045
4376	1731
1002	2503
46744	2817
46711	849
1926	2213
45587	3463
46628	2323
45645	1473
3264	1305
944	2163
3442	1799
4486	2881
5320	3075
3881	2875
5583	2479
45780	1783
45684	3267
3978	1269
46724	1907
4488	3519
2798	593
4365	249
4097	1141
45782	2375
45868	3089
5302	2919
2804	2133
258	3493
45691	3177
4831	1665
1414	1561
4216	81
45732	1881
4817	595
6453	1455
1280	1415
3058	1933
5637	3243
3236	445
46777	2979
45855	1805
46738	2609
5023	2747
5076	3593
4373	2445
46637	1121
4245	2423
1184	1259
3970	3223
2666	2993
6478	675
1064	161
3742	2707
4478	261
5620	2747
32	3435
1914	1039
3957	1805
1762	1491
6481	2375
4666	91
46794	3
45630	1205
3104	2585
45776	1925
45869	3351
2108	807
6469	741
4212	1905
6475	2681
6395	389
1190	903
45648	3543
4383	3645
46732	1263
4354	3229
2758	3
46645	2741
45727	1881
5028	2481
2210	1013
46786	2405
1040	29
2764	1507
45862	3347
288	3837
5627	3677
214	753
3506	741
4338	1023
46712	321
45692	1799
5635	281
2100	3029
4369	807
4821	445
45607	1881
4085	961
3034	561
5072	135
46767	1735
2298	901
45832	2059
46660	2553
976	1799
4232	3347
45734	3543
5606	2771
6367	3809
46797	2113
3452	533
2028	2859
1764	165
880	2853
6407	1343
4073	2755
4832	2519
6423	1881
3766	3207
2114	3849
3708	3397
3866	3161
2010	2319
3686	1353
46743	331
2630	31
45644	561
4371	3461
1908	1243
504	981
3484	2795
5585	2933
45581	3347
6485	801
46674	3147
45819	2271
4857	3617
45753	237
2484	2095
45726	3627
1226	2093
482	3409
5075	805
2302	927
2634	443
3958	2747
45859	801
6474	3177
5580	3397
45709	3765
3292	3841
45715	2405
1506	2729
4677	1225
2214	2017
5590	2293
1842	2317
5033	2393
2776	1623
4228	1925
3432	2053
3969	1039
5611	1209
5287	1063
45728	391
3960	1499
3662	3259
2762	3351
3448	3765
3710	847
4104	2675
46689	849
1694	1767
2654	569
4815	1551
4236	1969
6418	2421
45717	3267
5588	1209
2428	1429
46633	2731
46681	3439
45675	3111
3748	2293
4349	3661
4099	2511
45861	1657
1562	2461
3986	3079
4845	523
45713	3543
3478	2731
4088	3
5083	3287
4077	2937
45790	1599
1600	2233
3444	1135
3054	909
4656	1943
4102	321
45696	3627
4108	3287
45586	3107
6379	1881
4813	3677
46667	3075
4358	1697
762	697
4381	1495
5621	29
45711	2261
45651	3717
5571	1055
444	2451
5271	641
46698	1843
1758	163
4642	3097
4242	3351
1496	31
3868	81
5294	535
4483	1263
45791	1735
1012	2515
45602	1905
45785	1657
45826	3765
46771	1929
45741	3765
45693	3843
50	109
4247	5
538	2317
662	1379
3702	2679
3882	3645
4251	1005
6433	1607
4000	1003
45766	1881
46676	2731
5040	3111
45646	2457
832	3779
3987	3821
46723	3347
3974	3527
46764	2597
6400	2747
794	2243
2780	2025
45801	2707
2196	2433
1676	1115
6445	1477
5615	849
45805	2113
45611	2339
724	1493
1198	3027
45775	1473
4641	2729
4217	3543
4348	1703
1272	2123
45754	3809
6492	2181
416	1161
4079	1987
6467	3405
5641	1639
46642	2113
6501	3589
46687	2059
3976	3719
5047	3671
45870	1235
3470	1563
2772	2801
256	1665
45758	2487
4476	581
2414	1667
45757	2511
46690	2731
3973	2919
46726	2553
6402	3267
4491	5
45811	1533
46722	2449
46799	3075
1188	939
3863	2415
3874	2181
45764	3267
3680	2081
46666	2817
5579	2531
2614	907
4095	801
5632	3719
3993	3049
46678	3351
4075	2001
45588	1805
4806	2495
804	2271
46740	3177
658	3027
4076	501
5628	2975
2420	1429
45690	2375
1142	3279
2878	585
1510	3771
3872	2293
4828	753
6370	849
1564	2585
45686	571
3276	1933
1916	2393
3990	2597
2874	1077
45655	1735
45642	1727
74	3727
4629	2231
4834	1925
4816	1211
6401	2167
4635	2661
722	605
3046	2339
45687	443
1704	557
2044	137
3889	1375
2418	299
3992	2619
1324	2937
45610	85
6497	1031
4676	3373
3270	2719
3088	2227
4495	3439
5296	849
4852	3509
758	2667
45804	2393
45799	2795
3074	857
3999	961
3678	993
5080	1733
6376	2687
2498	1817
6422	2375
2622	609
45593	801
5018	961
6452	2323
46720	2609
856	3367
984	2001
45739	1793
216	153
3464	339
4661	1435
1918	1617
3967	1607
2790	1549
1278	1379
5055	2433
3884	927
860	2255
46753	2151
45729	3147
4115	135
1850	3737
4487	3373
6505	3227
3256	1943
46749	3789
5044	3189
45636	1487
2794	1909
6425	3281
752	1957
5610	101
3706	2449
3508	2727
45806	131
4091	3
6412	805
1854	3267
5029	135
998	3095
634	2727
4109	3737
1838	3049
5321	1865
592	1379
4471	1881
45736	1925
4814	3199
4497	3763
4836	819
4362	1793
502	1055
3072	1271
45703	3719
46659	2707
4377	1125
46763	3821
45761	1375
570	407
45820	1455
45789	2731
2310	391
46655	3627
4489	2511
3720	2563
1032	3311
1150	557
4501	3807
46728	3439
3312	689
5592	865
45667	901
3504	81
45653	535
2402	2405
46721	849
5289	1353
6429	3635
45821	2817
45871	571
1504	1243
45723	2913
45719	1535
4361	1155
630	575
46774	1805
1036	2895
46693	2609
2644	2093
5026	3175
5595	2449
706	1507
2292	1641
45837	1925
6388	925
5015	3367
4246	2867
2524	2457
4853	1639
6502	3803
3510	163
4854	2123
5281	1727
2508	809
3076	179
2888	3237
6465	2393
4636	2147
45794	1263
46636	1487
45844	2113
45854	2965
1756	2919
45582	435
2488	1429
1822	1269
3760	55
6439	773
2754	2283
2008	2787
5624	261
1326	135
2506	601
2668	3395
45666	1735
4357	2809
6383	1607
2424	2433
3460	3
46780	3765
3668	1929
46783	3405
4237	895
3228	3199
46649	535
46716	807
3893	1403
6457	3553
4375	91
1148	3485
6391	1799
4356	2049
46766	1271
780	3447
3482	3763
45668	1907
5282	3063
64	2361
46796	849
4344	315
3995	581
46682	1025
4472	1125
3514	1639
3764	3029
3880	1973
45660	2861
1452	1013
2494	611
3232	3155
5578	3177
45671	641
3991	1051
6438	3231
4238	801
46714	2375
4835	1255
726	3447
5573	3183
5630	3807
5068	1053
3712	787
2638	3675
950	2355
1446	1819
45843	279
4103	993
2926	3007
3888	1337
46729	2375
728	1131
45778	2731
4670	1269
364	3199
476	3459
6450	773
5037	571
45604	391
3098	1533
5608	2975
4220	3627
46789	2609
6463	3803
3994	81
2204	1055
5618	27
45596	2731
656	1479
2912	2385
4648	1731
4473	1633
6493	2181
1034	2053
1852	575
5586	801
5074	1905
3876	1603
45856	3405
462	2013
3892	363
200	2385
3486	1607
4243	1051
4370	249
2018	963
3886	3841
45752	1487
2624	1969
3272	3463
3981	249
4665	501
3660	2777
45851	2863
6434	1793
1906	1353
45609	2531
5308	3803
2490	3837
46746	2861
45568	773
46772	1735
4496	317
5319	3347
45745	2167
5304	2169
